63262854,20880,20880
65734463,20880,20880
